537, -104, 50, 840, 0
1002, 301, 50, 795, 0
107, 1046, 950, 50, 0
-1173, 291, 1755, 50, 0
-733, 671, 885, 50, 0
-348, 671, 50, 1855, 0
-1173, 296, 50, 815, 0
-1743, 1066, 1045, 50, 0
102, 1446, 1375, 50, 0
1442, 1061, 50, 435, 0
1017, 671, 860, 50, 0
537, -104, 985, 50, 0
1002, 301, 880, 50, 0
1447, 1056, 1280, 50, 0
1917, -99, 480, 50, 0
2342, -99, 50, 1205, 0
1487, -774, 50, 720, 0
1492, -774, 465, 50, 0
1912, -769, 50, 720, 0
1842, 1056, 50, 1445, 0
577, 1451, 50, 405, 0
102, 1811, 530, 50, 0
992, 1811, 890, 50, 0
102, 1811, 50, 730, 0
-1743, 1066, 50, 440, 0
-743, 1066, 50, 1060, 0
-1178, 2491, 865, 50, 0
-2523, 1471, 1390, 50, 0
-1173, 1476, 50, 665, 0
-2193, 1861, 660, 50, 0
-2523, 1471, 50, 1430, 0
-2208, 1856, 50, 485, 0
-1853, 2141, 50, 525, 0
-2523, 2631, 720, 50, 0
-1848, 2321, 295, 50, 0
-1573, 1856, 50, 520, 0
-748, 2511, 50, 370, 0
-1558, 2661, 50, 230, 0
-2523, 2856, 1450, 50, 0
-753, 2856, 3130, 50, 0
572, 2146, 50, 750, 0
1422, 1816, 50, 370, 0
1422, 2396, 50, 505, 0
577, 2566, 590, 50, 0
967, 1811, 50, 540, 0
2327, 1471, 50, 1425, 0
2682, 1056, 50, 2475, 0
102, 2856, 50, 345, 0
-1568, 3161, 2585, 50, 0
-1568, 3161, 50, 320, 0
-1853, 2856, 50, 620, 0
-1853, 3446, 340, 50, 0
1432, 3201, 950, 50, 0
982, 2856, 50, 990, 0
1432, 3481, 1300, 50, 0
1432, 3201, 50, 325, 0
1852, 3496, 50, 1680, 0
1412, 3861, 50, 375, 0
542, 4196, 910, 50, 0
547, 3501, 50, 335, 0
-1118, 3496, 1715, 50, 0
97, 3496, 50, 1060, 0
-343, 3156, 50, 910, 0
542, 4196, 50, 685, 0
-343, 4841, 480, 45, 0
-1108, 4341, 775, 50, 0
-378, 4341, 50, 545, 0
937, 4551, 960, 50, 0
97, 4841, 50, 330, 0
97, 5126, 1795, 50, 0
547, 4841, 690, 50, 0
1477, 4841, 405, 50, 0
-343, 4021, 495, 50, 0
-733, 3496, 50, 560, 0
-1123, 3496, 50, 895, 0
-1053, 3586, 285, 255, 1
change
-153, 916, 50, 2, 45, [0, 255, 0], 3, 0, 525
402, 1616, 50, 2, 45, [0, 255, 0], 3, 0, 525
1292, 2066, 50, 2, 45, [0, 255, 0], 3, 0, 525
1662, 1291, 50, 2, 45, [0, 255, 0], 3, 0, 525
1377, 901, 50, 2, 45, [0, 255, 0], 3, 0, 525
1662, 66, 50, 2, 45, [0, 255, 0], 3, 0, 525
1692, -579, 100, 10, 100, [0, 100, 0], 2, 0, 525
-903, 551, 50, 2, 45, [0, 255, 0], 3, 0, 525
-618, 1516, 20, 1, 30, [144, 238, 144], 5, 0, 525
-548, 2276, 20, 1, 30, [144, 238, 144], 5, 0, 525
-1718, 2131, 50, 2, 45, [0, 255, 0], 3, 0, 525
-2323, 2471, 20, 1, 30, [144, 238, 144], 5, 0, 525
-2058, 2261, 20, 1, 30, [144, 238, 144], 5, 0, 525
-2268, 1716, 20, 1, 30, [144, 238, 144], 5, 0, 525
-1368, 2106, 20, 1, 30, [144, 238, 144], 5, 0, 525
-978, 2851, 50, 2, 45, [0, 255, 0], 3, 0, 525
-1673, 3131, 50, 2, 45, [0, 255, 0], 3, 0, 525
-108, 3046, 20, 1, 30, [144, 238, 144], 5, 0, 525
-103, 3311, 20, 1, 30, [144, 238, 144], 5, 0, 525
-3, 3391, 20, 1, 30, [144, 238, 144], 5, 0, 525
372, 2661, 100, 10, 100, [0, 100, 0], 2, 0, 525
2107, 1801, 400, 40, 160, [0, 0, 0], 1, 0, 525
2512, 2656, 50, 2, 45, [0, 255, 0], 3, 0, 525
1857, 3026, 50, 2, 45, [0, 255, 0], 3, 0, 525
1307, 3671, 50, 2, 45, [0, 255, 0], 3, 0, 525
1307, 4406, 50, 2, 45, [0, 255, 0], 3, 0, 525
402, 4641, 50, 2, 45, [0, 255, 0], 3, 0, 525
-473, 3766, 50, 2, 45, [0, 255, 0], 3, 0, 525
boss
changey