1077, 241, 50, 470, 0
-3493, 221, 4620, 65, 0
-2683, 681, 3810, 60, 0
-3533, 221, 65, 1160, 0
-3533, 1331, 515, 60, 0
-1648, 1331, 460, 65, 0
-1223, 1041, 65, 360, 0
-1223, 1041, 400, 50, 0
-853, 706, 70, 390, 0
-1063, 831, 120, 115, 1
change
-268, 441, 50, 2, 45, [0, 255, 0], 3, 0, 580
-1128, 526, 100, 10, 100, [0, 100, 0], 2, 0, 580
-1838, 406, 50, 2, 45, [0, 255, 0], 3, 0, 580
-1983, 451, 20, 1, 30, [144, 238, 144], 5, 0, 580
-1798, 506, 20, 1, 30, [144, 238, 144], 5, 0, 580
-3203, 506, 400, 40, 160, [0, 0, 0], 1, 0, 580
-3358, 1221, 50, 2, 45, [0, 255, 0], 3, 0, 580
-3198, 1156, 50, 2, 45, [0, 255, 0], 3, 0, 580
-3023, 1156, 50, 2, 45, [0, 255, 0], 3, 0, 580
-1453, 836, 50, 2, 45, (0, 255, 0), 3, 0, 580
-1388, 1016, 50, 2, 45, (0, 255, 0), 3, 0, 580
-1408, 1211, 50, 2, 45, (0, 255, 0), 3, 0, 580
-1408, 1211, 50, 2, 45, (0, 255, 0), 3, 0, 580
boss
1, -3078, 686
changey