492, -324, 50, 1685, 0
497, 286, 880, 50, 0
1002, 731, 50, 915, 0
47, 1616, 1000, 50, 0
-1228, 751, 1740, 50, 0
-458, 1201, 50, 935, 0
17, 1246, 65, 425, 0
-463, 2126, 1000, 50, 0
1312, -584, 50, 885, 0
892, -1289, 50, 1295, 0
892, -1024, 910, 50, 0
1772, -584, 480, 50, 0
1002, 731, 460, 50, 0
1422, 1146, 50, 1035, 0
992, 2131, 480, 50, 0
992, 2131, 50, 1410, 0
502, 2131, 50, 1845, 0
1857, 771, 50, 735, 0
1427, 1466, 2255, 50, 0
1757, -134, 940, 50, 0
2677, -999, 50, 920, 0
2227, -1014, 905, 50, 0
2227, -1339, 50, 790, 0
3647, -1404, 50, 4165, 0
-543, -644, 1485, 50, 0
-898, -1309, 50, 1800, 0
-888, 161, 755, 50, 0
-553, -1304, 50, 1225, 0
122, -159, 50, 665, 0
-898, 441, 1065, 50, 0
-543, -124, 415, 50, 0
117, -619, 50, 240, 0
-328, -404, 495, 50, 0
-1228, -319, 50, 2120, 0
-1228, -1294, 50, 665, 0
-1543, -1314, 685, 50, 0
-1543, -1659, 50, 380, 0
-1543, -1659, 4275, 50, 0
-553, -1304, 2040, 50, 0
1757, -1339, 50, 335, 0
-1903, -649, 745, 50, 0
-1903, -649, 50, 380, 0
-1903, -319, 720, 50, 0
2677, -1649, 50, 340, 0
2677, -1354, 450, 50, 0
3092, -1714, 1040, 50, 0
3092, -1714, 50, 385, 0
4082, -1714, 50, 3975, 0
-1228, 1761, 805, 50, 0
-843, 756, 50, 695, 0
1437, 3046, 50, 1855, 0
997, 3046, 480, 50, 0
17, 3486, 520, 50, 0
17, 3486, 50, 1455, 0
527, 4446, 1790, 50, 0
992, 3896, 50, 570, 0
3632, 2721, 540, 50, 0
4087, 2221, 485, 50, 0
4112, 2726, 50, 1155, 0
3062, 3846, 1105, 50, 0
4547, 2226, 50, 2130, 0
4032, 4316, 565, 50, 0
7, 4911, 1020, 50, 0
472, 4921, 50, 855, 0
967, 5331, 3110, 50, 0
472, 5756, 1425, 50, 0
1857, 5331, 50, 480, 0
3612, 3846, 50, 500, 0
1877, 3666, 50, 820, 0
1857, 4846, 1820, 50, 0
4022, 4316, 50, 1045, 0
2667, 3826, 50, 1060, 0
3402, 3396, 50, 480, 0
2647, 3376, 780, 50, 0
2277, 3086, 50, 1060, 0
1887, 3671, 435, 50, 0
2627, 3086, 50, 345, 0
2282, 3071, 390, 50, 0
2357, 3166, 235, 240, 1
change
752, 1431, 50, 2, 45, [0, 255, 0], 3, 0, 555
237, 1291, 50, 2, 45, [0, 255, 0], 3, 0, 555
57, 981, 50, 2, 45, [0, 255, 0], 3, 0, 555
-228, 1226, 50, 2, 45, [0, 255, 0], 3, 0, 555
-983, 1091, 50, 2, 45, [0, 255, 0], 3, 0, 555
667, 2906, 20, 1, 30, [144, 238, 144], 5, 0, 580
772, 2971, 20, 1, 30, [144, 238, 144], 5, 0, 580
882, 2876, 20, 1, 30, [144, 238, 144], 5, 0, 580
787, 2796, 20, 1, 30, [144, 238, 144], 5, 0, 580
787, 2851, 20, 1, 30, [144, 238, 144], 5, 0, 580
737, 2916, 20, 1, 30, [144, 238, 144], 5, 0, 580
667, 2826, 20, 1, 30, [144, 238, 144], 5, 0, 580
722, 2861, 20, 1, 30, [144, 238, 144], 5, 0, 580
857, 2801, 20, 1, 30, [144, 238, 144], 5, 0, 580
912, 2946, 20, 1, 30, [144, 238, 144], 5, 0, 580
852, 2996, 20, 1, 30, [144, 238, 144], 5, 0, 580
817, 2916, 20, 1, 30, [144, 238, 144], 5, 0, 580
692, 2981, 20, 1, 30, [144, 238, 144], 5, 0, 580
762, 2271, 20, 1, 30, [144, 238, 144], 5, 0, 580
-1533, -454, 100, 10, 100, [0, 100, 0], 2, 0, 555
-693, -904, 100, 10, 100, [0, 100, 0], 2, 0, 555
-133, -474, 50, 2, 45, [0, 255, 0], 3, 0, 555
-398, -229, 50, 2, 45, [0, 255, 0], 3, 0, 555
2, 11, 50, 2, 45, [0, 255, 0], 3, 0, 555
-273, 306, 50, 2, 45, [0, 255, 0], 3, 0, 555
-583, 56, 50, 2, 45, [0, 255, 0], 3, 0, 555
347, 276, 50, 2, 45, [0, 255, 0], 3, 0, 555
1202, -684, 50, 2, 45, [0, 255, 0], 3, 0, 555
2157, -354, 100, 10, 100, [0, 100, 0], 2, 0, 555
2442, -604, 100, 10, 100, [0, 100, 0], 2, 0, 555
2392, 366, 400, 40, 160, [0, 0, 0], 1, 0, 585
3037, 21, 400, 40, 160, [0, 0, 0], 1, 0, 585
3127, -559, 400, 40, 160, [0, 0, 0], 1, 0, 585
3417, 456, 400, 40, 160, [0, 0, 0], 1, 0, 585
3072, 811, 400, 40, 160, [0, 0, 0], 1, 0, 585
2722, 1166, 400, 40, 160, [0, 0, 0], 1, 0, 585
2302, 876, 400, 40, 160, [0, 0, 0], 1, 0, 585
2802, 411, 400, 40, 160, [0, 0, 0], 1, 0, 585
3412, -174, 400, 40, 160, [0, 0, 0], 1, 0, 585
3412, -174, 400, 40, 160, [0, 0, 0], 1, 0, 585
1977, -1434, 50, 2, 45, [0, 255, 0], 3, 0, 555
3867, -1069, 50, 2, 45, (0, 255, 0), 3, 0, 585
3882, 2041, 400, 40, 160, (0, 0, 0), 1, 0, 225
3842, 1451, 100, 10, 100, (0, 100, 0), 2, 0, 355
4007, 1266, 20, 1, 30, (144, 238, 144), 5, 0, 355
3857, 1196, 20, 1, 30, (144, 238, 144), 5, 0, 355
4277, 2876, 50, 2, 45, (0, 255, 0), 3, 0, 395
4427, 3026, 50, 2, 45, (0, 255, 0), 3, 0, 395
3897, 4226, 50, 2, 45, (0, 255, 0), 3, 0, 395
3162, 4401, 400, 40, 160, (0, 0, 0), 1, 0, 580
342, 4171, 100, 10, 100, (0, 100, 0), 2, 0, 580
1287, 4001, 50, 2, 45, (0, 255, 0), 3, 0, 580
767, 5431, 50, 2, 45, (0, 255, 0), 3, 0, 580
2272, 5081, 50, 2, 45, (0, 255, 0), 3, 0, 580
2477, 3721, 50, 2, 45, (0, 255, 0), 3, 0, 580
3647, 5156, 50, 2, 45, (0, 255, 0), 3, 0, 580
boss
changey