587, 144, 60, 520, 0
894, 140, 55, 1190, 0
-106, 625, 1010, 65, 0
211, -591, 50, 965, 0
571, -221, 1140, 55, 0
1261, -914, 50, 1590, 0
564, 991, 50, 1315, 0
-386, 976, 1000, 50, 0
-1586, -604, 2525, 50, 0
1254, 1021, 50, 660, 0
-401, 1611, 1710, 70, 0
-786, 326, 50, 1635, 0
-1216, 1, 1455, 50, 0
-1611, -304, 1515, 50, 0
-796, 1321, 1060, 50, 0
-406, 1636, 50, 675, 0
-1611, -299, 50, 920, 0
-1201, 321, 50, 710, 0
-1616, 571, 445, 50, 0
-1218, 1341, 50, 1410, 0
-413, 2261, 2575, 50, 0
1782, 2261, 50, 525, 0
-833, 2750, 2665, 60, 0
-1918, -890, 50, 1215, 0
-2213, 301, 640, 50, 0
-1918, -914, 1155, 50, 0
-463, -909, 1770, 50, 0
1657, 111, 50, 1855, 0
942, 1921, 770, 65, 0
2107, -244, 50, 2535, 0
1697, -614, 925, 50, 0
1717, -1299, 50, 405, 0
1717, -934, 435, 50, 0
2612, -2129, 50, 1865, 0
2117, 81, 1030, 50, 0
-1883, -1304, 3205, 60, 0
857, -1709, 50, 455, 0
857, -1734, 900, 50, 0
2132, -1734, 50, 860, 0
1722, -2154, 50, 465, 0
1707, -2174, 1970, 50, 0
3102, -1389, 50, 1505, 0
3087, -1739, 1245, 50, 0
3637, -2184, 50, 490, 0
3622, -1364, 50, 730, 0
3107, -649, 1755, 50, 0
3627, -1354, 455, 45, 0
4292, -1729, 50, 905, 0
3857, -1179, 455, 45, 0
3617, -1009, 500, 45, 0
3837, -844, 1040, 40, 0
4842, -844, 50, 245, 0
4722, -749, 50, 50, 1
-2233, -1669, 55, 1680, 0
-2233, -1679, 400, 50, 0
-1883, -1679, 50, 430, 0
-2488, 941, 860, 50, 0
-1923, 571, 50, 1050, 0
-2228, 296, 50, 415, 0
-2523, -34, 50, 1035, 0
-2518, -44, 340, 50, 0
-1928, 1161, 600, 50, 0
-843, 2751, 50, 490, 0
-1963, 3181, 1165, 50, 0
-1608, 1596, 50, 1130, 0
-2273, 1911, 700, 50, 0
-2283, 1301, 50, 1300, 0
-1973, 2291, 50, 945, 0
-2898, 1286, 340, 50, 0
-2938, 286, 50, 1055, 0
-2948, 276, 455, 50, 0
-2633, 1286, 50, 990, 0
-3013, 2916, 1065, 50, 0
-2678, 2556, 450, 50, 0
-3603, 1906, 1000, 50, 0
-3033, 2236, 50, 985, 0
-3618, 1916, 50, 815, 0
-4573, 3216, 1585, 50, 0
-4598, 2671, 1015, 50, 0
-4613, 2666, 50, 610, 0
-4508, 2961, 50, 50, 1
change
1542, 2536, 400, 40, 160, [0, 0, 0], 1, 0, 240
402, -309, 50, 2, 45, [0, 255, 0], 3, 0, 550
-408, 251, 100, 10, 100, [0, 100, 0], 2, 0, 610
-43, 341, 100, 10, 100, [0, 100, 0], 2, 0, 625
-408, 611, 100, 10, 100, [0, 100, 0], 2, 0, 580
1517, -804, 50, 2, 45, [0, 255, 0], 3, 0, 540
3767, -1249, 20, 1, 30, [144, 238, 144], 5, 0, 555
3392, -1014, 400, 40, 160, [0, 0, 0], 1, 0, 260
3907, -1234, 20, 1, 30, [144, 238, 144], 5, 0, 530
3372, -1939, 400, 40, 160, [0, 0, 0], 1, 0, 230
2847, -1509, 20, 1, 30, [144, 238, 144], 5, 0, 435
2947, -1499, 20, 1, 30, [144, 238, 144], 5, 0, 415
2857, -1464, 20, 1, 30, [144, 238, 144], 5, 0, 435
2907, -1454, 20, 1, 30, [144, 238, 144], 5, 0, 425
2882, -1469, 400, 40, 160, [0, 0, 0], 1, 0, 480
1987, -1899, 50, 2, 45, [0, 255, 0], 3, 0, 660
2397, -114, 100, 10, 100, [0, 100, 0], 2, 0, 395
2807, -19, 50, 2, 45, [0, 255, 0], 3, 0, 655
2932, -174, 50, 2, 45, [0, 255, 0], 3, 0, 650
3742, -1169, 20, 1, 30, [144, 238, 144], 5, 0, 495
3757, -1084, 20, 1, 30, [144, 238, 144], 5, 0, 500
3922, -1069, 20, 1, 30, [144, 238, 144], 5, 0, 515
4087, -1079, 20, 1, 30, [144, 238, 144], 5, 0, 535
4222, -1019, 20, 1, 30, [144, 238, 144], 5, 0, 585
4032, -904, 20, 1, 30, [144, 238, 144], 5, 0, 600
3892, -904, 20, 1, 30, [144, 238, 144], 5, 0, 565
3742, -844, 20, 1, 30, [144, 238, 144], 5, 0, 500
4032, -729, 20, 1, 30, [144, 238, 144], 5, 0, 495
4262, -719, 20, 1, 30, [144, 238, 144], 5, 0, 625
4662, -734, 20, 1, 30, [144, 238, 144], 5, 0, 410
1492, 826, 50, 2, 45, [0, 255, 0], 3, 0, 595
752, 1351, 50, 2, 45, [0, 255, 0], 3, 0, 585
-1988, -1084, 100, 10, 100, [0, 100, 0], 2, 0, 600
-583, -989, 50, 2, 45, [0, 255, 0], 3, 0, 570
-1983, 466, 50, 2, 45, [0, 255, 0], 3, 0, 480
-743, 2376, 400, 40, 160, [0, 0, 0], 1, 0, 780
-4238, 2956, 400, 40, 160, [0, 0, 0], 1, 0, 1340
-4043, 2961, 400, 40, 160, [0, 0, 0], 1, 0, 1200
-3838, 2971, 400, 40, 160, [0, 0, 0], 1, 0, 1040
-3308, 2791, 400, 40, 160, [0, 0, 0], 1, 0, 850
-2468, 2411, 50, 2, 45, [0, 255, 0], 3, 0, 595
-1088, 1176, 50, 2, 45, (0, 255, 0), 3, 0, 590
1897, 2056, 50, 2, 45, (0, 255, 0), 3, 0, 640
changey