517, 656, 500, 50, 0
517, -1919, 50, 2600, 0
957, -1549, 50, 2235, 0
952, -1574, 565, 50, 0
497, -1924, 1005, 50, 0
2862, -1924, 590, 50, 0
2862, -1574, 925, 50, 0
3397, -3089, 50, 1210, 0
3397, -3099, 430, 50, 0
3772, -3074, 65, 1550, 0
3567, -2974, 50, 50, 1
change
752, -184, 50, 2, 45, (0, 255, 0), 3, 0, 745
857, -284, 50, 2, 45, (0, 255, 0), 3, 0, 745
687, -294, 50, 2, 45, (0, 255, 0), 3, 0, 745
757, -904, 100, 10, 100, (0, 100, 0), 2, 0, 625
757, -1564, 100, 10, 100, (0, 100, 0), 2, 0, 625
1967, -1399, 50, 2, 45, (0, 255, 0), 3, 0, 625
1987, -2014, 50, 2, 45, (0, 255, 0), 3, 0, 625
3392, -1694, 50, 2, 45, (0, 255, 0), 3, 0, 625
3587, -2089, 50, 2, 45, (0, 255, 0), 3, 0, 625
3602, -2634, 50, 2, 45, (0, 255, 0), 3, 0, 625
3602, -2634, 50, 2, 45, (0, 255, 0), 3, 0, 625
boss
0, 1437, -2224
changey